       weight_2018 pitax_2018 total_gross_income_2018 weight_2019 pitax_2019 total_gross_income_2019 weight_2020 pitax_2020 total_gross_income_2020 weight_2021 pitax_2021 total_gross_income_2021 weight_2022 pitax_2022 total_gross_income_2022 weight_ref_2022 pitax_ref_2022 total_gross_income_ref_2022 weight_ref_2023 pitax_ref_2023 total_gross_income_ref_2023 weight_ref_2024 pitax_ref_2024 total_gross_income_ref_2024 weight_ref_2025 pitax_ref_2025 total_gross_income_ref_2025 weight_ref_2026 pitax_ref_2026 total_gross_income_ref_2026 weight_ref_2027 pitax_ref_2027 total_gross_income_ref_2027
0-10n          -99          0                       0         -99          0                       0         -99          0                       0         -99          0                       0         -99          0                       0             -99              0                           0             -99              0                           0             -99              0                           0             -99              0                           0             -99              0                           0             -99              0                           0
0-10z          -99          0                       0         -99          0                       0         -99          0                       0         -99          0                       0         -99          0                       0             -99              0                           0             -99              0                           0             -99              0                           0             -99              0                           0             -99              0                           0             -99              0                           0
0-10p       23,310      6,165                 144,181      23,310      6,820                 157,630      23,310      6,787                 156,948      23,310      7,566                 173,186      23,310      7,986                 182,017          23,310          7,986                     182,017          23,310         19,048                     336,476          23,310         37,638                     604,384          23,310         40,001                     641,846          23,310         42,370                     679,307          23,310         45,045                     721,413
10-20       23,310     30,796                 532,940      23,310     33,680                 582,652      23,310     33,534                 580,129      23,310     37,015                 640,151      23,310     38,907                 672,794          23,310         38,907                     672,794          23,310         77,939                   1,205,662          23,310        166,098                   1,992,290          23,310        179,131                   2,115,779          23,310        192,378                   2,239,268          23,310        207,511                   2,378,066
20-30       23,310     60,118                 909,849      23,310     65,765                 994,719      23,310     65,478                 990,411      23,310     72,336               1,092,882      23,310     76,086               1,148,611          23,310         76,086                   1,148,611          23,310        160,878                   1,954,435          23,310        303,353                   3,083,781          23,310        325,966                   3,274,925          23,310        348,662                   3,466,068          23,310        374,254                   3,680,907
30-40       23,310    101,310               1,358,283      23,310    111,647               1,484,982      23,310    111,110               1,478,552      23,310    124,885               1,631,528      23,310    133,207               1,714,724          23,310        133,207                   1,714,724          23,310        241,812                   2,556,189          23,310        403,453                   3,953,986          23,310        433,104                   4,199,068          23,310        462,796                   4,444,150          23,310        496,214                   4,719,614
40-50       23,310    118,996               1,526,598      23,310    132,544               1,668,997      23,310    131,801               1,661,770      23,310    150,342               1,833,702      23,310    160,714               1,927,207          23,310        160,714                   1,927,207          23,310        304,295                   3,111,406          23,310        532,970                   4,974,214          23,310        570,954                   5,282,533          23,310        608,982                   5,590,852          23,310        651,768                   5,937,393
50-60       23,310    139,514               1,701,261      23,310    157,339               1,859,952      23,310    156,425               1,851,898      23,310    178,354               2,043,501      23,310    190,385               2,147,705          23,310        190,385                   2,147,705          23,310        366,804                   3,638,955          23,310        689,149                   6,201,951          23,310        738,737                   6,586,369          23,310        790,497                   6,970,788          23,310        851,954                   7,402,861
60-70       23,310    172,220               1,956,368      23,310    193,217               2,138,856      23,310    192,146               2,129,594      23,310    217,734               2,349,928      23,310    231,732               2,469,757          23,310        231,732                   2,469,757          23,310        434,383                   4,149,542          23,310        884,196                   7,488,454          23,310        959,036                   7,952,614          23,310      1,034,822                   8,416,774          23,310      1,120,764                   8,938,475
70-80       23,310    225,746               2,378,464      23,310    252,082               2,600,324      23,310    250,743               2,589,064      23,310    282,652               2,856,937      23,310    300,047               3,002,619          23,310        300,047                   3,002,619          23,310        533,888                   4,949,663          23,310      1,105,005                   8,845,208          23,310      1,195,114                   9,393,465          23,310      1,285,469                   9,941,721          23,310      1,387,389                  10,557,944
80-90       23,310    341,615               3,334,681      23,310    378,255               3,645,736      23,310    376,394               3,629,950      23,310    420,720               4,005,515      23,310    444,863               4,209,767          23,310        444,863                   4,209,767          23,310        741,708                   6,617,897          23,310      1,532,904                  11,435,687          23,310      1,649,701                  12,144,511          23,310      1,766,646                  12,853,335          23,310      1,898,382                  13,650,029
90-100      23,320  1,499,308              13,322,874      23,320  1,647,241              14,565,616      23,320  1,639,722              14,502,544      23,320  1,819,104              16,003,022      23,320  1,917,053              16,819,058          23,320      1,917,053                  16,819,058          23,320      2,777,672                  22,170,337          23,320      4,718,086                  33,033,288          23,320      5,030,887                  35,080,806          23,320      5,343,846                  37,128,324          23,320      5,695,991                  39,429,666
ALL        233,110    269,631               2,717,005     233,110    297,917               2,970,444     233,110    296,472               2,957,581     233,110    331,135               3,263,582     233,110    350,165               3,430,000         233,110        350,165                   3,430,000         233,110        565,938                   5,069,790         233,110      1,037,443                   8,162,391         233,110      1,112,431                   8,668,325         233,110      1,187,825                   9,174,258         233,110      1,273,117                   9,742,910
90-95       11,660    601,780               5,564,501      11,660    663,017               6,083,551      11,660    659,893               6,057,209      11,660    734,835               6,683,906      11,660    776,208               7,024,736          11,660        776,208                   7,024,736          11,660      1,195,478                   9,915,238          11,660      2,291,202                  16,300,787          11,660      2,454,356                  17,311,166          11,660      2,617,653                  18,321,546          11,660      2,801,566                  19,457,179
95-99        9,320  1,360,345              12,061,212       9,320  1,498,063              13,186,267       9,320  1,491,068              13,129,169       9,320  1,657,924              14,487,553       9,320  1,748,813              15,226,311           9,320      1,748,813                  15,226,311           9,320      2,581,427                  20,457,534           9,320      4,324,611                  30,435,760           9,320      4,612,195                  32,322,274           9,320      4,899,924                  34,208,788           9,320      5,223,708                  36,329,167
Top 1%       2,340  6,525,080              57,007,198       2,340  7,145,695              62,324,760       2,340  7,114,193              62,054,884       2,340  7,863,880              68,475,274       2,340  8,271,862              71,967,007           2,340      8,271,862                  71,967,007           2,340     11,443,223                  90,058,273           2,340     18,378,193                 126,755,478           2,340     19,537,109                 134,612,223           2,340     20,696,309                 142,468,967           2,340     21,999,702                 151,299,688

