        weight_2018 pitax_2018 total_gross_income_2018 weight_2019 pitax_2019 total_gross_income_2019 weight_2020 pitax_2020 total_gross_income_2020 weight_2021 pitax_2021 total_gross_income_2021 weight_2022 pitax_2022 total_gross_income_2022 weight_ref_2022 pitax_ref_2022 total_gross_income_ref_2022 weight_ref_2023 pitax_ref_2023 total_gross_income_ref_2023 weight_ref_2024 pitax_ref_2024 total_gross_income_ref_2024 weight_ref_2025 pitax_ref_2025 total_gross_income_ref_2025 weight_ref_2026 pitax_ref_2026 total_gross_income_ref_2026 weight_ref_2027 pitax_ref_2027 total_gross_income_ref_2027
<0              0.0          0                       0         0.0          0                       0         0.0          0                       0         0.0          0                       0         0.0          0                       0             0.0              0                           0             0.0              0                           0             0.0              0                           0             0.0              0                           0             0.0              0                           0             0.0              0                           0
=0              0.0          0                       0         0.0          0                       0         0.0          0                       0         0.0          0                       0         0.0          0                       0             0.0              0                           0             0.0              0                           0             0.0              0                           0             0.0              0                           0             0.0              0                           0             0.0              0                           0
0-0.5 m     33400.0        353                   7,404     30980.0        318                   6,833     31050.0        318                   6,838     29050.0        298                   6,495     28320.0        295                   6,452         28320.0            295                       6,452         14170.0            139                       2,233         11140.0            103                       1,456         10950.0            103                       1,448         10700.0            100                       1,404         10410.0             95                       1,341
0.5-1m      28950.0      1,355                  21,542     28000.0      1,316                  21,294     28140.0      1,322                  21,376     25840.0      1,224                  20,122     24150.0      1,147                  19,041         24150.0          1,147                      19,041         15420.0            627                      11,073          4050.0            196                       3,115          3430.0            164                       2,570          3270.0            157                       2,426          3170.0            149                       2,325
1-1.5m      38610.0      3,806                  51,110     18520.0      1,584                  22,574     18460.0      1,580                  22,491     19360.0      1,639                  23,986     19520.0      1,640                  24,215         19520.0          1,640                      24,215         12960.0          1,055                      16,204         11490.0            899                      14,281         10640.0            830                      13,441          9420.0            740                      12,124          8250.0            664                      10,868
1.5-2m      54130.0      7,635                  92,779     63980.0      8,904                 109,841     64620.0      8,980                 110,718     49870.0      7,236                  89,461     41660.0      6,135                  76,049         41660.0          6,135                      76,049         17730.0          2,337                      31,439          7410.0            952                      13,023          7130.0            872                      12,380          7300.0            876                      12,627          7350.0            869                      12,706
2-3m        38400.0      8,746                  92,041     45980.0     10,374                 110,167     45490.0     10,263                 109,011     56100.0     12,618                 134,617     61890.0     13,814                 148,538         61890.0         13,814                     148,538         40320.0          9,567                     101,555         21860.0          5,103                      54,620         20000.0          4,646                      50,266         18120.0          4,225                      45,890         16290.0          3,769                      41,522
3-4m        13750.0      4,885                  47,215     16120.0      5,677                  55,215     16030.0      5,652                  54,916     18930.0      6,630                  64,898     21200.0      7,423                  72,723         21200.0          7,423                      72,723         45140.0         15,968                     159,057         27170.0          9,549                      95,503         24810.0          8,845                      87,778         21470.0          7,641                      75,753         18810.0          6,680                      66,011
4-5m         6510.0      3,032                  28,923      7810.0      3,682                  34,592      7700.0      3,625                  34,103      9450.0      4,479                  41,963     10100.0      4,825                  44,964         10100.0          4,825                      44,964         30820.0         14,489                     136,807         22490.0         10,603                     100,790         22440.0         10,503                     100,427         23830.0         11,116                     106,527         23420.0         10,903                     104,859
5-10m       11670.0      8,828                  80,102     13130.0     10,011                  90,494     13100.0     10,005                  90,302     14860.0     11,338                 102,868     15840.0     12,014                 109,132         15840.0         12,014                     109,132         40030.0         30,394                     267,800         82920.0         71,328                     603,350         83110.0         72,260                     610,678         81840.0         71,734                     606,091         80820.0         70,948                     600,224
>10m         7690.0     24,214                 212,243      8590.0     27,581                 241,430      8520.0     27,364                 239,687      9650.0     31,727                 276,362     10430.0     34,333                 298,455         10430.0         34,333                     298,455         16520.0         57,350                     455,650         44580.0        143,104                   1,016,599         50600.0        161,097                   1,141,684         57160.0        180,305                   1,275,769         64590.0        202,699                   1,431,314
ALL        233110.0     62,854                 633,361    233110.0     69,447                 692,440    233110.0     69,111                 689,442    233110.0     77,191                 760,774    233110.0     81,627                 799,567        233110.0         81,627                     799,567        233110.0        131,926                   1,181,819        233110.0        241,838                   1,902,735        233110.0        259,319                   2,020,673        233110.0        276,894                   2,138,611        233110.0        296,776                   2,271,170

